6	 
	13	 
	14	 
	18	 
	21	 
	31	 
	2	 
	15	 
	19	 
	21	 
	23	 
	32	 
	4	 
	5	 
	7	 
	13	 
	23	 
	31	 
	12	 
	14	 
	15	 
	24	 
	26	 
	32	 
	9	 
	11	 
	13	 
	16	 
	23	 
	29	 
	1	 
	11	 
	14	 
	24	 
	25	 
	28	 
	1	 
	5	 
	6	 
	20	 
	30	 
	32	 
	4	 
	11	 
	14	 
	17	 
	21	 
	32	 
	2	 
	3	 
	15	 
	18	 
	24	 
	27	 
	7	 
	9	 
	16	 
	22	 
	24	 
	29	 
	6	 
	20	 
	22	 
	24	 
	30	 
	31	 
	5	 
	12	 
	19	 
	20	 
	21	 
	24	 
	8	 
	13	 
	14	 
	16	 
	27	 
	33	 
	5	 
	10	 
	12	 
	15	 
	21	 
	26	 
	1	 
	4	 
	9	 
	17	 
	26	 
	32	 
	6	 
	8	 
	10	 
	19	 
	22	 
	23	 
	8	 
	11	 
	15	 
	18	 
	19	 
	26	 
	12	 
	18	 
	22	 
	23	 
	26	 
	27	 
	1	 
	7	 
	15	 
	16	 
	24	 
	25	 
	1	 
	7	 
	12	 
	17	 
	21	 
	23	 
	5		8		13		23		25		32		1		5		9		19		27		29		1		5		12		14		17		32		1		4		8		14		16		17		7		19		21		26		32		33		1		8		10		12		14		29		7		8		11		18		22		28		2		4		6		7		8		27		3		16		25		28		29		30		1		3		18		20		22		33		7		15		22		26		27		30		7		10		22		26		27		32		5		11		18		21		24		27		5		6		12		19		23		27		3		15		16		24		27		33		4		8		9		21		23		24		4		7		13		16		18		32		4		10		11		19		22		32		2		12		14		18		23		26		2		3		7		10		14		32		14		21		22		23		28		31		10		19		21		25		27		32		5		9		20		27		30		33		2		6		9		15		18		24		3		17		20		26		29		31		8		9		10		12		23		31		