ºì						À¶	2011-03-17	¿ª½±ÆÚºÅ
10	11	12	13	26	28	11	2003-02-23	2003001
04	09	19	20	21	26	12	2003-02-27	2003002
01	07	10	23	28	32	16	2003-03-02	2003003
04	06	07	10	13	25	03	2003-03-06	2003004
04	06	15	17	30	31	16	2003-03-09	2003005
01	03	10	21	26	27	06	2003-03-13	2003006
01	09	19	21	23	26	07	2003-03-16	2003007
05	08	09	14	17	23	08	2003-03-20	2003008
05	09	18	20	22	30	09	2003-03-23	2003009
01	02	08	13	17	24	13	2003-03-27	2003010
04	05	11	12	30	32	15	2003-03-30	2003011
02	12	16	17	27	30	12	2003-04-03	2003012
08	13	17	21	23	32	12	2003-04-06	2003013
03	05	07	08	21	31	02	2003-04-10	2003014
04	11	19	25	26	32	13	2003-04-13	2003015
11	17	28	30	31	33	06	2003-04-17	2003016
05	08	18	23	25	31	06	2003-04-20	2003017
05	16	19	20	25	28	13	2003-04-24	2003018
04	08	12	13	16	33	09	2003-04-27	2003019
07	10	25	26	27	32	04	2003-05-01	2003020
14	15	18	25	26	30	01	2003-05-04	2003021
02	07	11	12	14	32	08	2003-05-08	2003022
01	10	20	22	26	31	02	2003-05-11	2003023
02	07	15	17	22	30	14	2003-05-15	2003024
01	05	11	13	14	27	12	2003-05-18	2003025
08	13	15	26	29	31	16	2003-05-22	2003026
01	11	14	17	27	28	15	2003-05-25	2003027
06	13	16	20	28	32	07	2003-05-29	2003028
02	07	15	26	29	32	10	2003-06-01	2003029
02	06	13	14	23	27	07	2003-06-05	2003030
11	17	20	22	28	32	01	2003-06-08	2003031
04	11	25	27	29	30	13	2003-06-12	2003032
01	07	14	20	27	30	10	2003-06-15	2003033
08	13	14	16	23	25	14	2003-06-19	2003034
03	04	05	08	10	11	08	2003-06-22	2003035
07	21	24	25	27	28	15	2003-06-26	2003036
09	14	17	18	26	32	07	2003-06-29	2003037
05	07	08	24	25	27	16	2003-07-03	2003038
03	05	23	24	27	32	03	2003-07-06	2003039
04	05	06	12	14	23	16	2003-07-10	2003040
02	03	17	18	24	25	11	2003-07-13	2003041
03	05	07	10	15	20	07	2003-07-17	2003042
02	08	10	19	20	32	13	2003-07-20	2003043
02	05	09	16	32	33	15	2003-07-24	2003044
03	07	14	15	17	32	03	2003-07-27	2003045
07	08	10	11	17	26	11	2003-07-31	2003046
03	17	26	28	32	33	16	2003-08-03	2003047
10	12	20	28	30	31	09	2003-08-07	2003048
03	06	07	13	24	25	15	2003-08-10	2003049
02	08	17	23	24	26	13	2003-08-14	2003050
04	13	15	17	24	27	01	2003-08-17	2003051
01	12	13	23	30	31	11	2003-08-21	2003052
15	19	20	21	28	29	13	2003-08-24	2003053
02	05	09	21	31	33	12	2003-08-28	2003054
06	13	16	21	28	31	16	2003-08-31	2003055
08	17	21	26	28	29	07	2003-09-04	2003056
18	19	24	25	30	31	16	2003-09-07	2003057
09	11	16	28	32	33	02	2003-09-11	2003058
02	03	05	06	18	30	04	2003-09-14	2003059
02	04	06	17	21	28	11	2003-09-18	2003060
03	05	20	21	28	32	02	2003-09-21	2003061
01	06	12	19	20	32	14	2003-09-25	2003062
05	08	09	14	21	33	11	2003-09-28	2003063
04	06	08	12	15	30	01	2003-10-02	2003064
06	15	16	17	30	33	11	2003-10-05	2003065
03	07	08	20	24	32	14	2003-10-09	2003066
05	11	12	13	27	31	10	2003-10-12	2003067
09	19	25	27	32	33	11	2003-10-16	2003068
07	11	16	19	26	28	11	2003-10-19	2003069
01	02	04	17	18	19	08	2003-10-23	2003070
09	11	12	14	15	33	11	2003-10-26	2003071
03	06	08	11	19	27	11	2003-10-30	2003072
02	12	14	21	23	30	13	2003-11-02	2003073
02	12	19	22	27	32	01	2003-11-06	2003074
16	17	19	22	31	33	11	2003-11-09	2003075
01	13	16	18	20	29	02	2003-11-13	2003076
04	12	16	22	24	25	06	2003-11-16	2003077
07	12	23	26	29	30	11	2003-11-20	2003078
12	15	22	23	26	31	04	2003-11-23	2003079
09	20	24	25	28	30	10	2003-11-27	2003080
01	02	14	26	29	30	07	2003-11-30	2003081
07	17	18	19	30	31	14	2003-12-04	2003082
01	03	14	18	26	28	01	2003-12-07	2003083
02	06	07	10	17	33	03	2003-12-11	2003084
01	04	11	12	19	27	14	2003-12-14	2003085
05	12	16	18	26	30	13	2003-12-18	2003086
02	03	04	05	24	28	13	2003-12-21	2003087
03	10	21	22	24	33	12	2003-12-25	2003088
18	19	21	26	27	33	16	2003-12-28	2003089
01	02	03	07	10	25	07	2004-01-01	2004001
10	12	18	22	30	31	11	2004-01-04	2004002
03	05	06	17	26	33	08	2004-01-08	2004003
10	19	22	23	25	29	09	2004-01-11	2004004
09	11	13	16	17	18	07	2004-01-15	2004005
04	12	18	20	23	32	06	2004-01-18	2004006
04	12	17	20	25	28	09	2004-01-29	2004007
01	07	10	22	32	33	13	2004-02-01	2004008
01	09	10	16	22	24	11	2004-02-05	2004009
06	07	08	13	14	19	15	2004-02-08	2004010
01	04	13	23	28	30	03	2004-02-12	2004011
01	07	27	30	31	33	08	2004-02-15	2004012
12	14	21	29	30	32	13	2004-02-19	2004013
03	07	11	17	20	26	12	2004-02-22	2004014
01	03	05	18	22	23	13	2004-02-26	2004015
04	07	08	28	30	32	05	2004-02-29	2004016
05	12	14	15	25	31	09	2004-03-04	2004017
02	05	06	08	28	30	06	2004-03-07	2004018
05	10	11	23	24	32	04	2004-03-11	2004019
01	02	09	22	28	31	04	2004-03-14	2004020
05	09	11	17	26	27	10	2004-03-18	2004021
03	10	14	19	20	30	06	2004-03-21	2004022
01	08	14	17	19	30	03	2004-03-25	2004023
01	13	21	23	25	32	06	2004-03-28	2004024
07	08	10	24	29	33	04	2004-04-01	2004025
04	10	14	18	28	32	15	2004-04-04	2004026
01	05	09	10	18	32	11	2004-04-08	2004027
01	02	03	05	10	22	12	2004-04-11	2004028
09	13	20	22	24	32	05	2004-04-15	2004029
01	07	09	17	26	31	05	2004-04-18	2004030
03	06	19	20	21	24	11	2004-04-22	2004031
02	05	08	11	15	31	13	2004-04-25	2004032
01	04	08	09	19	20	01	2004-04-29	2004033
02	07	13	20	27	30	14	2004-05-02	2004034
02	08	26	27	30	32	16	2004-05-06	2004035
02	13	17	18	26	30	01	2004-05-09	2004036
03	04	11	17	20	26	05	2004-05-13	2004037
11	16	17	25	28	29	07	2004-05-16	2004038
10	16	18	25	26	29	03	2004-05-20	2004039
07	17	19	20	21	29	11	2004-05-23	2004040
08	10	17	22	25	29	14	2004-05-27	2004041
06	10	13	17	18	21	02	2004-05-30	2004042
04	09	10	21	22	24	10	2004-06-03	2004043
02	06	07	12	31	32	05	2004-06-06	2004044
01	12	18	26	27	28	13	2004-06-10	2004045
07	15	16	22	23	32	14	2004-06-13	2004046
01	07	08	11	27	31	06	2004-06-17	2004047
08	09	11	16	17	29	09	2004-06-20	2004048
11	12	14	16	25	29	09	2004-06-24	2004049
06	07	19	21	25	29	02	2004-06-27	2004050
02	03	09	10	15	29	11	2004-07-01	2004051
01	12	14	15	17	29	09	2004-07-04	2004052
02	03	04	09	24	25	02	2004-07-08	2004053
09	11	14	16	27	28	11	2004-07-11	2004054
06	08	19	25	29	32	07	2004-07-15	2004055
01	20	21	25	29	30	02	2004-07-18	2004056
05	21	23	25	28	32	04	2004-07-22	2004057
01	08	11	12	27	31	12	2004-07-25	2004058
04	07	11	19	23	26	10	2004-07-29	2004059
03	05	11	24	27	28	15	2004-08-01	2004060
13	16	19	20	23	33	09	2004-08-05	2004061
01	12	25	27	28	29	13	2004-08-08	2004062
07	10	13	16	27	28	07	2004-08-12	2004063
14	15	18	20	27	31	04	2004-08-15	2004064
13	14	27	29	32	33	08	2004-08-19	2004065
05	13	20	23	24	25	03	2004-08-22	2004066
01	06	07	13	16	32	04	2004-08-24	2004067
02	08	11	13	24	31	15	2004-08-26	2004068
02	11	15	20	22	29	05	2004-08-29	2004069
10	12	21	22	30	33	06	2004-08-31	2004070
03	08	16	17	21	29	06	2004-09-02	2004071
08	15	18	28	30	33	14	2004-09-05	2004072
02	07	13	16	23	28	16	2004-09-07	2004073
05	06	15	19	26	29	13	2004-09-09	2004074
07	18	21	26	27	28	07	2004-09-12	2004075
03	05	13	17	25	31	07	2004-09-14	2004076
08	09	10	14	16	26	07	2004-09-16	2004077
04	05	10	21	24	26	05	2004-09-19	2004078
07	13	14	17	19	30	03	2004-09-21	2004079
03	08	20	23	24	26	16	2004-09-23	2004080
03	05	21	24	27	32	06	2004-09-26	2004081
03	20	24	27	29	30	15	2004-09-28	2004082
14	16	27	28	30	33	06	2004-09-30	2004083
01	04	08	11	21	25	14	2004-10-03	2004084
03	08	11	29	30	32	01	2004-10-05	2004085
10	13	18	19	25	27	01	2004-10-07	2004086
01	03	07	08	25	26	14	2004-10-10	2004087
02	10	19	22	24	32	14	2004-10-12	2004088
14	17	20	25	28	30	14	2004-10-14	2004089
01	18	20	24	32	33	12	2004-10-17	2004090
09	13	14	21	30	33	01	2004-10-19	2004091
01	04	08	13	28	31	02	2004-10-21	2004092
11	14	20	27	32	33	05	2004-10-24	2004093
05	09	10	13	24	25	08	2004-10-26	2004094
19	22	27	28	30	32	01	2004-10-28	2004095
01	04	12	16	20	30	15	2004-10-31	2004096
10	19	20	26	29	31	14	2004-11-02	2004097
03	12	13	25	26	31	03	2004-11-04	2004098
05	10	21	22	26	33	02	2004-11-07	2004099
06	08	09	14	24	33	15	2004-11-09	2004100
02	09	14	19	25	26	15	2004-11-11	2004101
03	09	12	15	28	32	01	2004-11-14	2004102
02	03	05	09	16	21	02	2004-11-16	2004103
07	11	17	18	24	29	05	2004-11-18	2004104
07	09	10	21	23	30	12	2004-11-21	2004105
10	15	23	26	28	29	12	2004-11-23	2004106
01	08	12	13	18	20	07	2004-11-25	2004107
08	13	14	27	28	31	12	2004-11-28	2004108
06	08	10	17	30	31	14	2004-11-30	2004109
14	19	20	21	22	31	11	2004-12-02	2004110
11	16	18	20	26	31	02	2004-12-05	2004111
09	13	15	21	26	33	06	2004-12-07	2004112
08	10	23	25	31	32	07	2004-12-09	2004113
01	06	09	17	21	22	01	2004-12-12	2004114
02	16	20	30	31	33	01	2004-12-14	2004115
01	03	05	08	14	33	03	2004-12-16	2004116
01	03	07	14	24	25	07	2004-12-19	2004117
03	04	07	12	30	31	15	2004-12-21	2004118
06	09	18	20	25	33	06	2004-12-23	2004119
07	08	18	21	27	32	10	2004-12-26	2004120
07	13	16	18	30	32	10	2004-12-28	2004121
03	11	14	22	24	31	15	2004-12-30	2004122
01	07	08	23	27	28	14	2005-01-02	2005001
06	09	20	26	28	33	14	2005-01-04	2005002
09	12	15	19	22	31	16	2005-01-06	2005003
01	04	08	09	22	23	03	2005-01-09	2005004
05	09	20	26	28	33	15	2005-01-11	2005005
02	04	05	15	21	31	16	2005-01-13	2005006
07	15	17	20	23	33	15	2005-01-16	2005007
11	19	22	27	32	33	11	2005-01-18	2005008
02	17	22	27	29	31	14	2005-01-20	2005009
08	10	11	18	25	26	01	2005-01-23	2005010
09	11	13	15	22	30	15	2005-01-25	2005011
02	03	06	16	22	31	05	2005-01-27	2005012
07	08	16	19	20	24	06	2005-01-30	2005013
13	19	21	23	30	32	05	2005-02-01	2005014
04	08	09	16	17	29	15	2005-02-03	2005015
01	05	06	12	16	30	15	2005-02-06	2005016
02	06	10	25	27	31	03	2005-02-08	2005017
01	03	06	22	23	25	06	2005-02-17	2005018
06	11	12	13	19	22	08	2005-02-20	2005019
14	16	19	20	25	29	05	2005-02-22	2005020
02	06	24	26	30	31	16	2005-02-24	2005021
08	10	12	21	32	33	04	2005-02-27	2005022
10	15	19	20	21	25	12	2005-03-01	2005023
05	09	14	27	31	32	13	2005-03-03	2005024
01	07	10	11	13	32	07	2005-03-06	2005025
06	12	14	20	25	26	07	2005-03-08	2005026
01	03	04	06	21	32	15	2005-03-10	2005027
04	09	22	25	26	32	10	2005-03-13	2005028
02	14	21	22	27	30	14	2005-03-15	2005029
01	05	09	14	22	28	05	2005-03-17	2005030
04	10	16	20	23	32	07	2005-03-20	2005031
05	15	19	20	25	29	03	2005-03-22	2005032
07	08	12	14	19	20	07	2005-03-24	2005033
05	17	18	25	28	32	09	2005-03-27	2005034
12	16	21	28	29	30	14	2005-03-29	2005035
12	19	20	21	26	31	15	2005-03-31	2005036
07	12	14	22	24	32	16	2005-04-03	2005037
04	07	11	20	27	28	16	2005-04-05	2005038
02	16	18	19	21	29	09	2005-04-07	2005039
01	12	21	24	30	32	13	2005-04-10	2005040
02	11	16	23	24	29	03	2005-04-12	2005041
11	16	21	26	27	30	15	2005-04-14	2005042
04	05	06	07	08	32	05	2005-04-17	2005043
01	06	16	17	18	22	09	2005-04-19	2005044
01	07	10	15	18	20	10	2005-04-21	2005045
09	16	18	20	22	24	05	2005-04-24	2005046
02	03	05	07	08	27	15	2005-04-26	2005047
06	07	08	10	16	28	02	2005-04-28	2005048
02	03	08	10	25	27	12	2005-05-01	2005049
02	09	12	20	26	32	13	2005-05-03	2005050
03	06	14	19	20	21	02	2005-05-05	2005051
01	02	14	17	30	32	01	2005-05-08	2005052
04	07	10	14	27	29	09	2005-05-10	2005053
05	13	17	18	21	29	14	2005-05-12	2005054
05	20	22	30	32	33	09	2005-05-15	2005055
12	17	19	27	29	31	09	2005-05-17	2005056
05	06	10	15	30	31	13	2005-05-19	2005057
04	06	10	21	25	26	10	2005-05-22	2005058
07	11	14	18	24	29	07	2005-05-24	2005059
09	12	21	25	31	33	13	2005-05-26	2005060
05	09	14	21	23	24	01	2005-05-29	2005061
02	07	11	12	20	23	07	2005-05-31	2005062
02	11	13	18	22	30	04	2005-06-02	2005063
10	18	23	27	30	32	08	2005-06-05	2005064
12	16	17	21	22	23	16	2005-06-07	2005065
02	04	10	11	25	28	05	2005-06-09	2005066
03	12	16	20	21	26	16	2005-06-12	2005067
01	08	10	13	25	33	13	2005-06-14	2005068
07	09	21	24	31	33	12	2005-06-16	2005069
03	04	08	14	16	26	04	2005-06-19	2005070
04	08	12	14	16	22	10	2005-06-21	2005071
06	10	19	20	24	33	11	2005-06-23	2005072
01	06	08	09	18	20	01	2005-06-26	2005073
06	09	18	20	26	29	09	2005-06-28	2005074
11	13	14	16	18	31	14	2005-06-30	2005075
04	09	11	22	25	28	13	2005-07-03	2005076
08	17	22	24	32	33	16	2005-07-05	2005077
03	11	15	20	26	32	11	2005-07-07	2005078
03	09	20	24	25	28	05	2005-07-10	2005079
01	12	14	26	27	32	16	2005-07-12	2005080
02	04	10	12	26	30	03	2005-07-14	2005081
01	07	11	14	19	20	12	2005-07-17	2005082
03	05	09	14	16	30	13	2005-07-19	2005083
01	02	07	15	19	20	03	2005-07-21	2005084
08	09	13	14	20	22	12	2005-07-24	2005085
07	11	12	24	27	29	12	2005-07-26	2005086
08	09	15	16	23	26	08	2005-07-28	2005087
01	03	07	18	20	24	07	2005-07-31	2005088
05	19	20	23	26	31	12	2005-08-02	2005089
01	09	21	25	29	32	03	2005-08-04	2005090
01	11	12	15	26	27	13	2005-08-07	2005091
08	13	19	26	28	31	10	2005-08-09	2005092
04	06	17	23	25	29	14	2005-08-11	2005093
03	05	09	23	27	33	03	2005-08-14	2005094
09	12	18	21	28	29	05	2005-08-16	2005095
04	05	17	18	26	33	04	2005-08-18	2005096
05	10	23	27	28	30	15	2005-08-21	2005097
12	15	19	22	31	33	01	2005-08-23	2005098
10	13	16	22	24	31	09	2005-08-25	2005099
02	04	09	14	16	31	03	2005-08-28	2005100
09	16	19	21	22	24	12	2005-08-30	2005101
02	05	06	14	24	31	12	2005-09-01	2005102
04	07	16	18	23	30	07	2005-09-04	2005103
02	04	21	23	30	33	09	2005-09-06	2005104
04	15	23	30	32	33	03	2005-09-08	2005105
01	11	13	24	26	31	13	2005-09-11	2005106
09	10	20	24	25	26	11	2005-09-13	2005107
03	10	12	24	29	30	06	2005-09-15	2005108
03	05	13	15	17	31	04	2005-09-18	2005109
07	10	16	19	24	25	09	2005-09-20	2005110
03	07	15	16	19	29	09	2005-09-22	2005111
04	12	22	28	29	30	16	2005-09-25	2005112
15	18	20	22	26	27	03	2005-09-27	2005113
06	07	10	15	21	27	06	2005-09-29	2005114
03	12	18	23	30	33	02	2005-10-02	2005115
04	06	08	14	15	30	10	2005-10-04	2005116
06	17	22	27	28	32	03	2005-10-06	2005117
04	09	12	15	26	31	16	2005-10-09	2005118
01	07	11	18	20	22	02	2005-10-11	2005119
01	06	13	18	30	32	14	2005-10-13	2005120
01	07	20	25	31	32	12	2005-10-16	2005121
01	04	07	14	30	32	09	2005-10-18	2005122
11	12	13	17	18	25	07	2005-10-20	2005123
05	06	10	19	31	33	11	2005-10-23	2005124
06	14	18	28	31	32	03	2005-10-25	2005125
02	08	13	19	25	26	09	2005-10-27	2005126
04	06	11	14	23	25	12	2005-10-30	2005127
02	04	14	23	29	33	15	2005-11-01	2005128
05	10	14	20	27	33	03	2005-11-03	2005129
03	05	09	15	20	25	16	2005-11-06	2005130
02	07	10	11	12	24	03	2005-11-08	2005131
02	04	10	18	27	29	15	2005-11-10	2005132
01	07	14	16	18	25	11	2005-11-13	2005133
04	13	14	18	26	30	01	2005-11-15	2005134
01	05	13	15	21	25	11	2005-11-17	2005135
05	14	16	18	25	27	13	2005-11-20	2005136
03	09	15	23	25	33	12	2005-11-22	2005137
03	05	06	11	20	22	13	2005-11-24	2005138
02	07	20	23	32	33	10	2005-11-27	2005139
04	06	07	08	12	17	07	2005-11-29	2005140
03	05	08	12	16	19	15	2005-12-01	2005141
07	10	12	17	22	29	05	2005-12-04	2005142
03	10	15	17	20	32	08	2005-12-06	2005143
01	08	14	15	19	27	09	2005-12-08	2005144
03	07	08	17	20	28	15	2005-12-11	2005145
07	11	19	20	24	28	02	2005-12-13	2005146
06	07	15	27	28	30	10	2005-12-15	2005147
03	15	17	23	24	29	13	2005-12-18	2005148
11	16	21	23	25	32	07	2005-12-20	2005149
03	07	10	14	18	20	02	2005-12-22	2005150
04	11	12	13	19	30	05	2005-12-25	2005151
01	05	12	14	21	27	03	2005-12-27	2005152
04	05	07	21	26	29	01	2005-12-29	2005153
01	12	15	19	21	28	03	2006-01-01	2006001
07	13	16	21	26	28	09	2006-01-03	2006002
02	04	05	06	16	20	12	2006-01-05	2006003
04	08	17	27	28	31	07	2006-01-08	2006004
03	19	20	24	26	27	11	2006-01-10	2006005
08	21	22	23	26	32	14	2006-01-12	2006006
04	16	18	27	32	33	07	2006-01-15	2006007
03	05	09	18	28	32	16	2006-01-17	2006008
05	06	08	20	26	30	06	2006-01-19	2006009
04	06	12	19	27	29	08	2006-01-22	2006010
05	07	08	14	27	31	11	2006-01-24	2006011
09	11	13	27	31	33	10	2006-01-26	2006012
01	05	06	12	16	21	11	2006-02-05	2006013
06	14	26	29	32	33	07	2006-02-07	2006014
02	03	09	15	29	32	03	2006-02-09	2006015
01	07	13	17	23	30	16	2006-02-12	2006016
03	04	08	31	32	33	02	2006-02-14	2006017
01	13	14	17	24	26	05	2006-02-16	2006018
04	06	13	22	26	32	07	2006-02-19	2006019
05	09	21	23	26	29	06	2006-02-21	2006020
01	02	05	20	21	22	09	2006-02-23	2006021
02	03	04	13	16	27	13	2006-02-26	2006022
04	13	14	19	23	28	08	2006-02-28	2006023
02	07	09	11	21	27	06	2006-03-02	2006024
03	04	17	19	24	32	05	2006-03-05	2006025
01	02	18	22	29	32	03	2006-03-07	2006026
06	08	11	14	16	27	15	2006-03-09	2006027
05	07	14	16	17	27	04	2006-03-12	2006028
03	04	07	09	14	19	08	2006-03-14	2006029
08	13	15	17	20	32	14	2006-03-16	2006030
03	10	12	16	31	32	14	2006-03-19	2006031
05	18	20	24	26	31	09	2006-03-21	2006032
15	20	22	23	27	31	06	2006-03-23	2006033
02	10	15	16	17	33	13	2006-03-26	2006034
03	09	13	21	27	29	13	2006-03-28	2006035
04	07	10	16	17	21	09	2006-03-30	2006036
02	12	23	24	25	32	14	2006-04-02	2006037
02	14	17	19	22	30	10	2006-04-04	2006038
16	19	22	28	31	32	03	2006-04-06	2006039
15	22	25	26	28	33	03	2006-04-09	2006040
03	10	16	18	21	28	04	2006-04-11	2006041
03	16	23	26	28	31	11	2006-04-13	2006042
05	12	13	16	23	32	03	2006-04-16	2006043
02	10	18	21	30	31	05	2006-04-18	2006044
06	07	10	14	20	21	04	2006-04-20	2006045
13	18	23	29	31	32	08	2006-04-23	2006046
02	17	20	22	28	32	03	2006-04-25	2006047
09	13	19	25	29	32	12	2006-04-27	2006048
06	10	12	13	17	20	03	2006-04-30	2006049
02	06	12	15	25	31	07	2006-05-02	2006050
02	06	07	17	27	30	16	2006-05-04	2006051
11	24	26	27	30	32	03	2006-05-07	2006052
01	11	17	27	28	31	02	2006-05-09	2006053
03	05	07	10	28	30	04	2006-05-11	2006054
04	05	28	29	31	33	11	2006-05-14	2006055
11	13	15	21	23	25	08	2006-05-16	2006056
03	04	17	18	21	31	08	2006-05-18	2006057
01	12	22	23	24	25	14	2006-05-21	2006058
05	10	15	17	27	29	11	2006-05-23	2006059
05	15	19	23	30	32	14	2006-05-25	2006060
05	13	17	19	25	30	11	2006-05-28	2006061
18	22	23	24	26	30	01	2006-05-30	2006062
04	05	15	21	23	24	08	2006-06-01	2006063
03	12	14	21	24	28	11	2006-06-04	2006064
04	08	17	28	29	30	13	2006-06-06	2006065
06	08	11	18	30	33	05	2006-06-08	2006066
07	08	11	16	17	24	13	2006-06-11	2006067
03	07	10	14	30	33	10	2006-06-13	2006068
05	16	20	22	29	30	08	2006-06-15	2006069
02	03	11	13	20	27	02	2006-06-18	2006070
05	11	12	19	29	31	01	2006-06-20	2006071
02	03	05	20	21	24	08	2006-06-22	2006072
05	13	16	18	27	29	12	2006-06-25	2006073
01	03	15	19	25	33	04	2006-06-27	2006074
10	21	22	23	25	33	11	2006-06-29	2006075
04	10	17	21	29	32	14	2006-07-02	2006076
08	09	12	13	19	33	09	2006-07-04	2006077
03	05	17	22	31	33	12	2006-07-06	2006078
06	11	13	17	20	32	08	2006-07-09	2006079
15	17	20	22	26	29	09	2006-07-11	2006080
14	16	18	21	22	32	04	2006-07-13	2006081
03	13	15	23	28	29	09	2006-07-16	2006082
07	09	18	19	26	29	10	2006-07-18	2006083
01	12	17	21	25	28	12	2006-07-20	2006084
02	06	18	21	24	25	08	2006-07-23	2006085
04	06	10	24	26	31	06	2006-07-25	2006086
04	05	08	09	12	30	05	2006-07-27	2006087
03	11	20	24	25	26	01	2006-07-30	2006088
01	13	16	18	19	22	01	2006-08-01	2006089
02	11	15	20	23	29	11	2006-08-03	2006090
07	08	12	21	22	24	07	2006-08-06	2006091
02	08	11	16	20	21	14	2006-08-08	2006092
02	12	16	18	19	23	05	2006-08-10	2006093
15	16	17	18	24	33	13	2006-08-13	2006094
01	03	17	20	21	29	16	2006-08-15	2006095
01	05	09	13	18	33	14	2006-08-17	2006096
11	14	15	20	26	27	12	2006-08-20	2006097
06	07	10	11	18	23	16	2006-08-22	2006098
09	12	18	23	24	27	05	2006-08-24	2006099
01	11	18	26	30	32	03	2006-08-27	2006100
09	12	20	26	27	28	16	2006-08-29	2006101
01	04	13	19	20	24	11	2006-08-31	2006102
12	14	15	25	28	31	06	2006-09-03	2006103
03	07	22	27	28	31	11	2006-09-05	2006104
05	12	14	15	20	31	01	2006-09-07	2006105
02	12	14	19	28	33	10	2006-09-10	2006106
01	06	08	13	17	30	07	2006-09-12	2006107
02	06	08	20	24	30	09	2006-09-14	2006108
01	05	17	18	23	26	13	2006-09-17	2006109
09	12	14	18	27	33	13	2006-09-19	2006110
01	08	11	16	17	22	15	2006-09-21	2006111
04	09	13	15	31	33	11	2006-09-24	2006112
05	14	17	18	28	33	02	2006-09-26	2006113
08	10	14	20	27	29	16	2006-09-28	2006114
01	10	20	26	28	29	15	2006-10-01	2006115
05	16	21	22	32	33	09	2006-10-03	2006116
06	14	20	22	23	26	09	2006-10-05	2006117
01	03	07	08	10	30	05	2006-10-08	2006118
01	02	14	20	27	30	02	2006-10-10	2006119
06	08	14	15	24	33	09	2006-10-12	2006120
03	04	06	27	31	33	06	2006-10-15	2006121
04	05	06	08	22	24	03	2006-10-17	2006122
02	03	20	25	28	32	06	2006-10-19	2006123
12	13	14	18	31	32	13	2006-10-22	2006124
15	19	23	30	32	33	06	2006-10-24	2006125
02	08	13	16	24	33	09	2006-10-26	2006126
03	04	11	17	19	30	01	2006-10-29	2006127
04	15	21	30	31	33	05	2006-10-31	2006128
09	14	18	22	27	29	12	2006-11-02	2006129
01	12	21	22	30	32	02	2006-11-05	2006130
03	04	09	22	26	33	01	2006-11-07	2006131
06	14	22	26	30	33	01	2006-11-09	2006132
04	06	20	25	29	31	03	2006-11-12	2006133
10	13	18	26	28	30	12	2006-11-14	2006134
04	19	21	22	23	31	04	2006-11-16	2006135
11	15	17	21	22	24	05	2006-11-19	2006136
10	14	17	21	27	31	09	2006-11-21	2006137
04	09	11	17	18	26	08	2006-11-23	2006138
07	08	14	21	23	25	05	2006-11-26	2006139
01	08	11	18	19	23	05	2006-11-28	2006140
16	18	22	23	25	31	11	2006-11-30	2006141
10	16	19	22	26	27	16	2006-12-03	2006142
01	15	20	29	31	32	08	2006-12-05	2006143
04	10	13	16	22	29	06	2006-12-07	2006144
02	07	23	26	28	31	07	2006-12-10	2006145
03	09	13	23	28	30	05	2006-12-12	2006146
01	04	15	17	27	31	01	2006-12-14	2006147
04	08	12	13	23	29	01	2006-12-17	2006148
02	03	05	11	15	32	15	2006-12-19	2006149
08	09	12	18	25	27	12	2006-12-21	2006150
01	03	04	06	16	22	08	2006-12-24	2006151
01	14	20	25	27	31	15	2006-12-26	2006152
01	07	11	20	30	33	10	2006-12-28	2006153
07	14	18	20	30	33	13	2006-12-31	2006154
02	04	09	10	20	26	14	2007-01-02	2007001
05	06	14	20	21	22	01	2007-01-04	2007002
05	09	11	12	22	27	15	2007-01-07	2007003
03	07	10	13	25	33	10	2007-01-09	2007004
01	05	06	16	24	30	12	2007-01-11	2007005
06	10	14	22	26	27	11	2007-01-14	2007006
04	12	15	17	22	32	14	2007-01-16	2007007
01	04	05	18	19	25	10	2007-01-18	2007008
02	04	14	15	25	27	15	2007-01-21	2007009
03	08	14	17	30	32	05	2007-01-23	2007010
03	10	15	25	28	33	16	2007-01-25	2007011
03	05	07	21	26	28	04	2007-01-28	2007012
05	15	18	27	29	32	05	2007-01-30	2007013
01	13	16	20	24	26	09	2007-02-01	2007014
03	04	08	18	22	30	15	2007-02-04	2007015
01	18	20	22	26	33	05	2007-02-06	2007016
05	09	10	24	25	32	14	2007-02-08	2007017
01	12	18	20	21	26	11	2007-02-11	2007018
04	11	16	23	29	31	14	2007-02-13	2007019
05	10	16	20	28	31	14	2007-02-15	2007020
03	06	09	11	25	31	13	2007-02-25	2007021
02	04	07	10	18	27	10	2007-02-27	2007022
03	07	13	17	32	33	02	2007-03-01	2007023
08	09	17	25	27	32	06	2007-03-04	2007024
03	16	18	22	23	26	03	2007-03-06	2007025
01	04	14	16	26	29	10	2007-03-08	2007026
02	03	09	22	24	27	11	2007-03-11	2007027
03	08	13	20	29	30	11	2007-03-13	2007028
06	08	09	11	19	21	10	2007-03-15	2007029
03	16	21	22	27	30	04	2007-03-18	2007030
04	06	10	12	19	31	01	2007-03-20	2007031
04	08	16	24	30	32	16	2007-03-22	2007032
03	04	11	17	18	28	09	2007-03-25	2007033
02	09	12	14	23	25	16	2007-03-27	2007034
01	04	08	12	29	31	06	2007-03-29	2007035
03	14	21	23	30	31	10	2007-04-01	2007036
10	11	16	23	31	33	16	2007-04-03	2007037
03	11	14	19	21	30	05	2007-04-05	2007038
06	07	19	24	27	29	01	2007-04-08	2007039
13	14	15	19	24	30	10	2007-04-10	2007040
01	03	09	11	26	31	12	2007-04-12	2007041
03	13	16	19	32	33	08	2007-04-15	2007042
03	08	10	11	14	30	05	2007-04-17	2007043
09	13	20	21	24	32	08	2007-04-19	2007044
01	12	18	21	28	30	10	2007-04-22	2007045
02	06	07	09	19	26	14	2007-04-24	2007046
02	04	16	18	23	30	06	2007-04-26	2007047
02	11	12	15	17	28	12	2007-04-29	2007048
04	14	18	19	31	33	02	2007-05-01	2007049
01	05	08	13	18	25	02	2007-05-03	2007050
03	14	16	26	27	33	13	2007-05-06	2007051
02	03	07	08	26	29	07	2007-05-08	2007052
10	13	16	17	18	27	11	2007-05-10	2007053
01	03	16	18	23	28	05	2007-05-13	2007054
02	06	11	22	28	29	02	2007-05-15	2007055
14	17	21	29	31	32	12	2007-05-17	2007056
05	11	18	19	20	21	09	2007-05-20	2007057
07	08	10	13	25	27	07	2007-05-22	2007058
01	03	04	06	07	29	14	2007-05-24	2007059
01	02	08	16	19	29	05	2007-05-27	2007060
01	06	07	11	20	23	05	2007-05-29	2007061
08	17	20	29	30	33	09	2007-05-31	2007062
10	15	17	24	26	28	12	2007-06-03	2007063
02	06	09	16	21	23	16	2007-06-05	2007064
04	07	19	21	25	31	07	2007-06-07	2007065
05	11	16	24	32	33	08	2007-06-10	2007066
06	11	13	17	21	23	11	2007-06-12	2007067
11	18	19	22	23	28	01	2007-06-14	2007068
03	04	11	12	14	32	12	2007-06-17	2007069
06	08	15	17	18	30	12	2007-06-19	2007070
01	06	14	21	30	31	09	2007-06-21	2007071
02	04	08	13	14	33	16	2007-06-24	2007072
05	09	11	19	28	31	02	2007-06-26	2007073
08	13	15	25	27	28	03	2007-06-28	2007074
13	16	17	22	30	32	03	2007-07-01	2007075
06	12	15	16	20	31	02	2007-07-03	2007076
06	08	14	21	28	29	02	2007-07-05	2007077
04	06	07	23	25	32	01	2007-07-08	2007078
03	04	14	20	21	25	14	2007-07-10	2007079
01	08	16	18	19	29	04	2007-07-12	2007080
09	14	15	19	24	33	13	2007-07-15	2007081
05	15	17	18	25	32	15	2007-07-17	2007082
11	14	18	20	21	26	05	2007-07-19	2007083
06	10	12	14	20	27	10	2007-07-22	2007084
02	12	17	19	29	30	12	2007-07-24	2007085
05	08	14	22	27	29	16	2007-07-26	2007086
01	03	04	05	08	21	09	2007-07-29	2007087
02	04	10	28	29	33	06	2007-07-31	2007088
03	07	08	15	19	28	03	2007-08-02	2007089
05	11	13	27	30	31	02	2007-08-05	2007090
02	11	17	30	31	32	07	2007-08-07	2007091
14	18	22	23	24	33	09	2007-08-09	2007092
05	10	13	15	19	29	02	2007-08-12	2007093
03	05	18	19	24	32	02	2007-08-14	2007094
01	06	08	18	29	32	07	2007-08-16	2007095
09	10	20	22	30	32	08	2007-08-19	2007096
04	08	13	18	26	30	11	2007-08-21	2007097
02	03	05	11	19	20	12	2007-08-23	2007098
03	04	14	27	31	33	05	2007-08-26	2007099
08	18	27	29	30	32	06	2007-08-28	2007100
15	16	18	21	22	30	14	2007-08-30	2007101
04	06	08	18	20	33	11	2007-09-02	2007102
07	09	25	27	30	32	01	2007-09-04	2007103
02	08	12	14	20	32	04	2007-09-06	2007104
02	07	10	17	23	29	14	2007-09-09	2007105
12	18	21	24	25	29	08	2007-09-11	2007106
02	08	09	18	24	28	10	2007-09-13	2007107
03	07	12	13	20	33	02	2007-09-16	2007108
01	04	07	08	13	14	04	2007-09-18	2007109
02	04	07	15	24	28	03	2007-09-20	2007110
02	09	10	12	13	17	11	2007-09-23	2007111
07	11	14	16	25	32	11	2007-09-25	2007112
04	18	23	25	26	31	10	2007-09-27	2007113
05	12	15	24	27	33	05	2007-09-30	2007114
01	05	10	16	20	26	02	2007-10-02	2007115
03	05	07	11	17	27	13	2007-10-04	2007116
03	07	09	10	26	32	01	2007-10-07	2007117
04	10	16	18	25	32	15	2007-10-09	2007118
03	08	11	13	25	31	12	2007-10-11	2007119
06	07	11	12	18	25	01	2007-10-14	2007120
03	10	21	22	27	28	06	2007-10-16	2007121
04	07	19	24	26	32	09	2007-10-18	2007122
01	13	15	23	28	32	02	2007-10-21	2007123
03	07	13	16	19	32	16	2007-10-23	2007124
03	05	18	20	27	33	01	2007-10-25	2007125
09	10	19	23	26	31	09	2007-10-28	2007126
06	09	13	16	24	28	11	2007-10-30	2007127
09	10	19	21	27	31	05	2007-11-01	2007128
05	07	20	21	22	30	08	2007-11-04	2007129
03	05	09	11	27	31	04	2007-11-06	2007130
03	05	07	16	22	27	05	2007-11-08	2007131
01	09	16	21	22	23	05	2007-11-11	2007132
03	06	07	11	13	33	10	2007-11-13	2007133
01	04	10	13	18	25	15	2007-11-15	2007134
01	11	16	26	31	33	16	2007-11-18	2007135
01	02	18	21	25	29	14	2007-11-20	2007136
03	07	08	18	20	22	03	2007-11-22	2007137
02	03	15	17	19	25	16	2007-11-25	2007138
06	10	12	14	16	22	06	2007-11-27	2007139
01	05	16	21	22	26	11	2007-11-29	2007140
02	03	04	06	17	31	08	2007-12-02	2007141
11	20	25	26	27	30	08	2007-12-04	2007142
01	06	22	23	24	26	04	2007-12-06	2007143
08	14	23	25	28	32	16	2007-12-09	2007144
08	09	11	12	25	31	11	2007-12-11	2007145
04	18	22	24	26	30	09	2007-12-13	2007146
03	07	18	24	26	27	04	2007-12-16	2007147
03	09	16	17	23	28	07	2007-12-18	2007148
01	17	19	22	28	30	03	2007-12-20	2007149
03	05	11	13	19	24	05	2007-12-23	2007150
01	06	10	11	23	25	02	2007-12-25	2007151
11	17	21	29	30	33	08	2007-12-27	2007152
01	04	19	20	25	31	15	2007-12-30	2007153
02	04	07	09	14	29	03	2008-01-01	2008001
03	04	18	22	25	29	09	2008-01-03	2008002
06	08	11	13	17	19	12	2008-01-06	2008003
04	08	22	23	27	29	08	2008-01-08	2008004
03	05	15	22	24	25	15	2008-01-10	2008005
01	14	16	18	22	27	14	2008-01-13	2008006
01	13	17	22	23	30	11	2008-01-15	2008007
02	15	16	23	26	27	07	2008-01-17	2008008
09	21	29	30	31	32	16	2008-01-20	2008009
03	08	11	17	21	27	09	2008-01-22	2008010
02	14	17	21	30	32	03	2008-01-24	2008011
03	04	05	16	20	30	13	2008-01-27	2008012
02	08	15	16	22	28	10	2008-01-29	2008013
03	09	11	17	21	31	14	2008-01-31	2008014
06	08	11	16	29	33	03	2008-02-03	2008015
03	12	14	21	29	33	13	2008-02-05	2008016
02	05	07	17	20	22	02	2008-02-14	2008017
02	05	06	23	26	33	13	2008-02-17	2008018
02	09	11	17	27	31	05	2008-02-19	2008019
03	10	13	15	28	30	03	2008-02-21	2008020
09	12	19	20	26	28	15	2008-02-24	2008021
12	18	20	24	28	32	05	2008-02-26	2008022
08	16	18	25	26	32	02	2008-02-28	2008023
11	20	21	26	28	30	13	2008-03-02	2008024
08	16	17	18	19	21	14	2008-03-04	2008025
05	17	19	27	29	32	03	2008-03-06	2008026
15	18	19	23	24	26	13	2008-03-09	2008027
01	13	21	26	29	32	10	2008-03-11	2008028
01	09	14	22	29	32	12	2008-03-13	2008029
06	15	18	19	20	28	11	2008-03-16	2008030
03	06	11	15	21	31	13	2008-03-18	2008031
05	14	16	21	23	28	13	2008-03-20	2008032
12	17	18	30	31	33	04	2008-03-23	2008033
03	05	09	11	21	29	09	2008-03-25	2008034
07	11	14	17	18	29	16	2008-03-27	2008035
02	06	13	18	23	28	16	2008-03-30	2008036
01	12	22	24	28	31	06	2008-04-01	2008037
03	09	10	11	15	19	13	2008-04-03	2008038
01	07	10	13	22	29	01	2008-04-06	2008039
06	13	22	25	27	28	09	2008-04-08	2008040
08	11	20	22	23	27	04	2008-04-10	2008041
03	04	09	11	12	24	01	2008-04-13	2008042
03	10	16	22	27	33	14	2008-04-15	2008043
05	07	09	20	26	29	09	2008-04-17	2008044
01	10	13	21	29	32	04	2008-04-20	2008045
15	16	18	24	28	33	15	2008-04-22	2008046
09	12	13	14	20	22	10	2008-04-24	2008047
11	18	21	27	30	32	01	2008-04-27	2008048
03	10	12	13	19	25	04	2008-04-29	2008049
01	11	19	24	26	27	03	2008-05-01	2008050
01	04	08	10	13	33	11	2008-05-04	2008051
02	10	17	23	29	31	10	2008-05-06	2008052
06	12	19	20	21	27	04	2008-05-08	2008053
02	06	16	17	20	25	07	2008-05-11	2008054
11	16	19	23	26	31	04	2008-05-13	2008055
08	13	22	23	25	30	07	2008-05-15	2008056
19	20	21	26	28	30	08	2008-05-18	2008057
01	12	21	27	29	31	11	2008-05-20	2008058
02	06	15	29	31	32	16	2008-05-22	2008059
06	07	08	17	30	32	03	2008-05-25	2008060
01	02	05	12	26	31	06	2008-05-27	2008061
06	08	13	17	24	27	15	2008-05-29	2008062
05	09	11	14	16	17	15	2008-06-01	2008063
01	02	07	09	12	18	12	2008-06-03	2008064
05	13	15	19	30	31	05	2008-06-05	2008065
07	12	21	22	29	30	08	2008-06-08	2008066
10	11	15	19	26	33	13	2008-06-10	2008067
05	07	17	23	27	29	07	2008-06-12	2008068
05	08	17	20	26	30	10	2008-06-15	2008069
05	06	12	15	18	33	13	2008-06-17	2008070
01	06	21	26	27	28	09	2008-06-19	2008071
01	05	10	18	22	30	09	2008-06-22	2008072
01	09	13	22	28	33	08	2008-06-24	2008073
01	11	15	19	20	24	09	2008-06-26	2008074
01	08	14	18	22	30	03	2008-06-29	2008075
02	05	07	11	13	18	11	2008-07-01	2008076
04	12	22	26	30	33	09	2008-07-03	2008077
06	13	16	26	30	33	01	2008-07-06	2008078
03	04	05	10	20	32	09	2008-07-08	2008079
04	14	22	25	29	32	14	2008-07-10	2008080
02	12	13	18	25	31	04	2008-07-13	2008081
04	08	10	12	21	26	09	2008-07-15	2008082
07	08	09	18	29	32	09	2008-07-17	2008083
04	07	13	20	29	30	16	2008-07-20	2008084
01	04	12	20	24	29	15	2008-07-22	2008085
04	05	10	26	27	30	12	2008-07-24	2008086
01	07	26	29	30	31	06	2008-07-27	2008087
01	06	08	16	17	23	05	2008-07-29	2008088
03	06	11	16	22	27	11	2008-07-31	2008089
02	07	14	18	19	24	01	2008-08-03	2008090
03	12	14	23	31	32	10	2008-08-05	2008091
01	03	18	27	28	30	05	2008-08-07	2008092
04	10	12	16	26	28	07	2008-08-10	2008093
01	04	15	16	23	28	14	2008-08-12	2008094
03	08	14	21	28	29	03	2008-08-14	2008095
06	08	12	24	27	31	14	2008-08-17	2008096
03	06	08	09	16	17	13	2008-08-19	2008097
06	07	10	11	15	30	01	2008-08-21	2008098
10	15	16	22	23	24	07	2008-08-24	2008099
08	14	17	21	27	28	14	2008-08-26	2008100
09	17	21	26	28	30	04	2008-08-28	2008101
03	07	12	21	25	32	05	2008-08-31	2008102
01	12	16	18	22	33	04	2008-09-02	2008103
03	06	08	17	24	31	01	2008-09-04	2008104
05	17	19	27	28	32	02	2008-09-07	2008105
14	19	25	27	29	30	15	2008-09-09	2008106
06	13	18	22	27	32	04	2008-09-11	2008107
09	10	15	17	23	30	12	2008-09-14	2008108
04	07	09	16	21	28	10	2008-09-16	2008109
10	16	22	23	29	31	02	2008-09-18	2008110
17	18	21	25	31	32	06	2008-09-21	2008111
05	13	14	19	22	23	06	2008-09-23	2008112
06	09	10	12	17	22	09	2008-09-25	2008113
04	09	20	24	25	31	14	2008-09-28	2008114
02	12	13	14	17	18	06	2008-09-30	2008115
03	07	21	22	24	29	14	2008-10-02	2008116
03	05	07	10	14	33	07	2008-10-05	2008117
04	09	16	27	31	33	01	2008-10-07	2008118
05	07	09	15	24	29	07	2008-10-09	2008119
10	11	22	24	26	33	02	2008-10-12	2008120
02	22	23	27	31	32	06	2008-10-14	2008121
02	08	11	14	19	26	15	2008-10-16	2008122
10	11	15	16	25	29	02	2008-10-19	2008123
01	07	10	13	21	22	03	2008-10-21	2008124
10	11	12	15	26	29	09	2008-10-23	2008125
04	11	12	14	20	30	13	2008-10-26	2008126
05	08	19	22	27	30	13	2008-10-28	2008127
01	05	19	20	27	33	05	2008-10-30	2008128
01	03	18	24	25	32	15	2008-11-02	2008129
01	12	18	28	30	32	06	2008-11-04	2008130
02	12	15	18	22	32	08	2008-11-06	2008131
09	13	16	25	27	33	08	2008-11-09	2008132
08	11	16	19	24	26	11	2008-11-11	2008133
10	15	19	20	28	32	02	2008-11-13	2008134
05	14	15	16	19	21	15	2008-11-16	2008135
05	09	10	12	18	28	02	2008-11-18	2008136
01	04	24	28	29	33	09	2008-11-20	2008137
07	14	19	23	25	32	04	2008-11-23	2008138
08	09	19	23	25	26	07	2008-11-25	2008139
07	14	16	29	30	31	14	2008-11-27	2008140
03	13	20	25	29	33	15	2008-11-30	2008141
05	06	10	13	17	28	15	2008-12-02	2008142
12	17	18	19	26	27	06	2008-12-04	2008143
02	05	10	27	29	33	15	2008-12-07	2008144
07	13	18	22	26	29	02	2008-12-09	2008145
07	08	17	19	31	32	10	2008-12-11	2008146
07	08	14	22	26	33	02	2008-12-14	2008147
03	05	09	22	26	28	09	2008-12-16	2008148
10	14	22	28	29	33	02	2008-12-18	2008149
04	19	22	24	29	32	02	2008-12-21	2008150
06	08	10	14	17	19	06	2008-12-23	2008151
01	04	06	22	26	30	08	2008-12-25	2008152
01	04	18	21	24	30	16	2008-12-28	2008153
02	05	07	21	22	26	08	2008-12-30	2008154
04	21	23	24	30	31	04	2009-01-01	2009001
10	14	17	25	29	33	14	2009-01-04	2009002
02	03	06	15	25	30	02	2009-01-06	2009003
03	11	13	17	28	31	03	2009-01-08	2009004
01	03	08	15	17	21	13	2009-01-11	2009005
06	12	18	20	26	33	02	2009-01-13	2009006
01	05	12	23	25	26	15	2009-01-15	2009007
04	15	16	22	32	33	02	2009-01-18	2009008
08	15	21	30	31	33	02	2009-01-20	2009009
03	10	17	19	20	24	02	2009-01-22	2009010
02	04	13	14	18	23	15	2009-02-01	2009011
05	11	14	17	18	28	01	2009-02-03	2009012
04	08	09	21	26	27	09	2009-02-05	2009013
03	06	09	14	15	18	02	2009-02-08	2009014
02	04	06	15	17	32	05	2009-02-10	2009015
02	07	13	16	20	33	03	2009-02-12	2009016
06	14	15	19	25	26	08	2009-02-15	2009017
02	05	06	19	27	30	15	2009-02-17	2009018
06	17	19	20	26	27	04	2009-02-19	2009019
03	05	07	10	19	23	13	2009-02-22	2009020
01	04	05	17	24	27	09	2009-02-24	2009021
05	08	09	10	11	18	08	2009-02-26	2009022
01	06	07	15	24	30	08	2009-03-01	2009023
01	03	17	23	30	33	12	2009-03-03	2009024
10	20	22	23	26	33	11	2009-03-05	2009025
11	15	17	18	20	30	16	2009-03-08	2009026
02	07	11	16	27	32	06	2009-03-10	2009027
03	06	12	15	23	26	10	2009-03-12	2009028
12	13	15	22	23	29	13	2009-03-15	2009029
08	14	24	26	28	32	07	2009-03-17	2009030
01	02	03	15	30	33	01	2009-03-19	2009031
09	11	12	19	27	32	06	2009-03-22	2009032
07	08	13	14	29	30	06	2009-03-24	2009033
09	12	18	21	22	26	07	2009-03-26	2009034
06	15	21	26	29	31	05	2009-03-29	2009035
06	09	18	23	32	33	07	2009-03-31	2009036
02	06	15	18	20	31	03	2009-04-02	2009037
12	13	15	23	28	32	05	2009-04-05	2009038
05	12	14	15	21	27	03	2009-04-07	2009039
04	07	10	20	26	30	12	2009-04-09	2009040
01	08	23	26	28	33	08	2009-04-12	2009041
08	16	22	23	27	30	11	2009-04-14	2009042
04	09	10	15	18	26	07	2009-04-16	2009043
11	14	16	18	26	30	01	2009-04-19	2009044
03	04	06	23	30	32	01	2009-04-21	2009045
16	20	21	26	29	30	09	2009-04-23	2009046
06	08	11	15	21	22	16	2009-04-26	2009047
03	07	11	15	17	31	01	2009-04-28	2009048
09	12	14	20	30	31	06	2009-04-30	2009049
13	21	24	29	30	32	04	2009-05-03	2009050
06	10	13	16	21	23	07	2009-05-05	2009051
09	11	15	19	21	30	08	2009-05-07	2009052
07	12	18	19	22	28	04	2009-05-10	2009053
16	17	23	26	31	32	11	2009-05-12	2009054
03	04	18	22	24	29	11	2009-05-14	2009055
04	09	10	18	29	32	08	2009-05-17	2009056
05	07	10	14	17	25	11	2009-05-19	2009057
05	08	10	15	23	26	09	2009-05-21	2009058
03	07	13	23	27	30	11	2009-05-24	2009059
07	13	17	26	32	33	04	2009-05-26	2009060
10	11	13	16	19	30	03	2009-05-28	2009061
10	19	20	21	23	32	10	2009-05-31	2009062
02	05	11	26	30	32	16	2009-06-02	2009063
01	02	14	23	28	29	15	2009-06-04	2009064
08	12	20	22	30	33	02	2009-06-07	2009065
02	15	19	24	31	32	04	2009-06-09	2009066
04	10	16	23	28	30	05	2009-06-11	2009067
06	11	18	20	25	30	05	2009-06-14	2009068
03	05	12	18	21	23	02	2009-06-16	2009069
01	02	09	10	21	31	10	2009-06-18	2009070
04	05	23	26	31	32	06	2009-06-21	2009071
01	03	12	20	21	29	04	2009-06-23	2009072
09	16	17	18	22	27	14	2009-06-25	2009073
05	10	16	19	23	28	13	2009-06-28	2009074
01	13	15	17	20	30	05	2009-06-30	2009075
09	18	19	25	28	31	06	2009-07-02	2009076
01	09	14	16	28	32	16	2009-07-05	2009077
05	07	12	14	15	20	13	2009-07-07	2009078
02	09	16	21	30	31	13	2009-07-09	2009079
01	11	13	25	32	33	06	2009-07-12	2009080
04	05	06	25	29	30	03	2009-07-14	2009081
11	15	18	21	27	29	02	2009-07-16	2009082
02	08	12	18	24	28	04	2009-07-19	2009083
04	09	11	20	32	33	13	2009-07-21	2009084
04	08	12	17	20	30	03	2009-07-23	2009085
11	12	13	18	23	32	11	2009-07-26	2009086
06	11	13	20	28	32	06	2009-07-28	2009087
04	07	11	15	16	17	02	2009-07-30	2009088
02	03	07	11	19	32	04	2009-08-02	2009089
07	09	14	20	23	30	14	2009-08-04	2009090
03	08	11	14	25	29	04	2009-08-06	2009091
02	06	07	14	18	31	08	2009-08-09	2009092
01	11	20	31	32	33	01	2009-08-11	2009093
03	16	22	25	26	33	14	2009-08-13	2009094
08	09	14	28	31	33	15	2009-08-16	2009095
01	26	27	31	32	33	03	2009-08-18	2009096
07	13	24	26	28	32	14	2009-08-20	2009097
03	14	15	20	23	30	02	2009-08-23	2009098
08	09	18	20	25	29	09	2009-08-25	2009099
02	11	17	27	30	33	11	2009-08-27	2009100
01	02	05	10	19	24	14	2009-08-30	2009101
03	05	07	08	14	31	10	2009-09-01	2009102
06	11	17	20	23	24	09	2009-09-03	2009103
20	22	26	29	30	32	16	2009-09-06	2009104
02	08	10	16	27	30	15	2009-09-08	2009105
01	02	15	18	20	29	04	2009-09-10	2009106
07	08	20	23	28	29	05	2009-09-13	2009107
04	10	17	28	32	33	02	2009-09-15	2009108
05	06	07	14	25	28	01	2009-09-17	2009109
04	10	13	15	19	30	14	2009-09-20	2009110
02	04	07	14	15	25	15	2009-09-22	2009111
06	07	18	24	30	32	09	2009-09-24	2009112
04	12	20	25	28	29	16	2009-09-27	2009113
03	05	11	12	31	32	11	2009-09-29	2009114
02	09	13	15	19	24	03	2009-10-01	2009115
05	17	21	25	27	32	14	2009-10-04	2009116
05	09	15	21	26	31	13	2009-10-06	2009117
12	16	25	26	27	31	05	2009-10-08	2009118
06	07	10	12	15	21	05	2009-10-11	2009119
01	02	08	12	16	30	16	2009-10-13	2009120
02	04	06	10	25	30	09	2009-10-15	2009121
07	14	16	27	29	32	01	2009-10-18	2009122
09	13	20	22	25	28	14	2009-10-20	2009123
03	04	22	23	28	30	10	2009-10-22	2009124
06	07	08	22	26	27	12	2009-10-25	2009125
03	05	06	10	19	23	15	2009-10-27	2009126
02	11	12	14	15	16	04	2009-10-29	2009127
05	08	15	16	26	32	01	2009-11-01	2009128
06	07	16	17	24	25	07	2009-11-03	2009129
02	03	07	12	13	30	11	2009-11-05	2009130
16	23	25	26	32	33	05	2009-11-08	2009131
04	14	15	21	23	30	07	2009-11-10	2009132
05	09	13	18	20	32	01	2009-11-12	2009133
03	05	12	15	28	33	06	2009-11-15	2009134
01	03	14	19	30	33	16	2009-11-17	2009135
01	04	14	22	30	33	01	2009-11-19	2009136
08	12	14	15	17	21	01	2009-11-22	2009137
04	07	14	26	32	33	14	2009-11-24	2009138
01	05	15	17	27	29	02	2009-11-26	2009139
04	05	11	18	22	33	12	2009-11-29	2009140
02	13	21	28	29	31	09	2009-12-01	2009141
07	11	15	19	20	24	13	2009-12-03	2009142
05	09	11	17	23	28	10	2009-12-06	2009143
01	05	10	17	18	29	12	2009-12-08	2009144
03	05	11	15	26	33	11	2009-12-10	2009145
03	09	16	20	22	33	15	2009-12-13	2009146
06	08	10	18	22	32	16	2009-12-15	2009147
06	12	15	22	29	32	10	2009-12-17	2009148
01	03	16	18	22	29	04	2009-12-20	2009149
04	06	07	16	19	20	04	2009-12-22	2009150
06	08	10	16	25	30	14	2009-12-24	2009151
03	04	19	21	27	28	05	2009-12-27	2009152
06	07	08	20	21	25	10	2009-12-29	2009153
01	07	12	14	18	25	16	2009-12-31	2009154
07	17	18	27	29	32	13	2010-01-03	2010001
03	06	07	23	30	33	13	2010-01-05	2010002
14	22	26	27	28	31	04	2010-01-07	2010003
01	12	13	16	23	28	07	2010-01-10	2010004
03	05	06	08	17	18	14	2010-01-12	2010005
03	05	07	13	14	18	05	2010-01-14	2010006
14	22	27	28	30	33	14	2010-01-17	2010007
05	07	13	15	18	30	14	2010-01-19	2010008
01	09	13	21	24	32	06	2010-01-21	2010009
07	08	12	15	22	26	08	2010-01-24	2010010
07	08	14	22	24	30	07	2010-01-26	2010011
02	08	13	14	25	33	10	2010-01-28	2010012
01	02	03	16	18	23	12	2010-01-31	2010013
01	03	07	14	26	28	02	2010-02-02	2010014
01	04	16	21	23	28	06	2010-02-04	2010015
02	08	10	12	30	33	16	2010-02-07	2010016
01	03	06	11	12	23	11	2010-02-09	2010017
11	28	29	30	32	33	02	2010-02-11	2010018
02	10	22	24	26	27	06	2010-02-21	2010019
05	06	14	22	24	26	09	2010-02-23	2010020
02	09	16	17	19	25	04	2010-02-25	2010021
01	02	18	29	31	32	02	2010-02-28	2010022
02	09	11	22	24	27	11	2010-03-02	2010023
07	16	26	27	29	31	14	2010-03-04	2010024
04	05	07	10	13	25	11	2010-03-07	2010025
02	04	05	08	19	22	12	2010-03-09	2010026
03	04	15	25	26	30	13	2010-03-11	2010027
01	03	06	12	16	32	12	2010-03-14	2010028
01	05	14	16	17	22	03	2010-03-16	2010029
03	06	10	16	25	31	05	2010-03-18	2010030
05	07	13	24	25	28	04	2010-03-21	2010031
08	18	21	28	29	33	08	2010-03-23	2010032
08	10	11	12	25	29	09	2010-03-25	2010033
06	11	13	22	25	32	12	2010-03-28	2010034
09	10	11	18	19	21	10	2010-03-30	2010035
06	13	14	28	29	30	08	2010-04-01	2010036
03	16	19	21	24	26	06	2010-04-04	2010037
01	06	07	11	13	16	01	2010-04-06	2010038
08	17	21	23	25	32	12	2010-04-08	2010039
12	19	24	25	30	32	11	2010-04-11	2010040
03	05	13	19	25	29	12	2010-04-13	2010041
03	06	11	20	31	32	10	2010-04-15	2010042
04	10	19	22	28	33	04	2010-04-18	2010043
03	09	21	23	27	31	05	2010-04-20	2010044
02	03	04	13	20	29	01	2010-04-22	2010045
11	12	21	23	27	32	05	2010-04-25	2010046
03	10	13	20	21	32	15	2010-04-27	2010047
01	06	08	10	23	33	02	2010-04-29	2010048
01	06	10	26	27	28	02	2010-05-02	2010049
07	21	22	26	28	30	11	2010-05-04	2010050
04	17	23	27	28	32	03	2010-05-06	2010051
01	02	19	23	27	29	10	2010-05-09	2010052
03	22	24	27	28	30	14	2010-05-11	2010053
01	06	08	12	14	25	06	2010-05-13	2010054
02	03	13	19	20	23	08	2010-05-16	2010055
01	02	03	08	13	32	07	2010-05-18	2010056
05	11	12	19	25	32	05	2010-05-20	2010057
01	04	11	17	19	29	12	2010-05-23	2010058
01	09	11	12	18	30	10	2010-05-25	2010059
01	08	15	18	22	27	09	2010-05-27	2010060
02	04	16	19	22	26	12	2010-05-30	2010061
11	13	15	20	31	33	03	2010-06-01	2010062
02	06	10	17	23	24	03	2010-06-03	2010063
08	14	25	26	30	31	11	2010-06-06	2010064
02	07	08	17	30	32	12	2010-06-08	2010065
01	03	21	22	31	32	07	2010-06-10	2010066
01	07	10	14	21	25	01	2010-06-13	2010067
03	13	18	20	23	28	13	2010-06-15	2010068
12	14	20	22	24	32	11	2010-06-17	2010069
08	13	23	27	31	33	07	2010-06-20	2010070
05	13	14	17	20	26	01	2010-06-22	2010071
06	08	22	23	30	31	01	2010-06-24	2010072
01	16	20	23	27	31	02	2010-06-27	2010073
02	10	17	18	19	29	15	2010-06-29	2010074
05	09	12	13	15	22	14	2010-07-01	2010075
01	12	14	29	31	32	15	2010-07-04	2010076
02	08	14	20	21	24	09	2010-07-06	2010077
01	03	09	11	17	23	12	2010-07-08	2010078
08	11	12	14	18	22	02	2010-07-11	2010079
08	10	13	14	16	23	16	2010-07-13	2010080
02	03	09	24	26	27	05	2010-07-15	2010081
01	08	13	14	27	31	02	2010-07-18	2010082
02	20	21	22	23	31	12	2010-07-20	2010083
02	10	14	18	20	30	03	2010-07-22	2010084
01	08	12	13	24	27	08	2010-07-25	2010085
05	21	28	29	30	31	08	2010-07-27	2010086
01	08	16	17	25	30	10	2010-07-29	2010087
05	06	15	23	27	30	12	2010-08-01	2010088
07	08	09	16	23	26	01	2010-08-03	2010089
01	06	10	15	25	31	14	2010-08-05	2010090
06	13	16	20	22	24	16	2010-08-08	2010091
03	13	19	27	28	30	02	2010-08-10	2010092
09	10	19	28	32	33	06	2010-08-12	2010093
03	05	07	27	31	32	10	2010-08-15	2010094
09	11	16	17	25	27	14	2010-08-17	2010095
07	12	21	23	24	28	03	2010-08-19	2010096
10	16	18	21	24	26	01	2010-08-22	2010097
01	03	08	16	29	33	07	2010-08-24	2010098
03	04	17	24	27	30	06	2010-08-26	2010099
01	06	12	22	23	26	08	2010-08-29	2010100
04	09	18	21	25	26	06	2010-08-31	2010101
04	11	16	20	22	29	10	2010-09-02	2010102
06	09	14	17	20	33	09	2010-09-05	2010103
07	17	23	24	27	32	02	2010-09-07	2010104
01	08	09	19	21	31	11	2010-09-09	2010105
02	06	08	15	26	29	16	2010-09-12	2010106
08	12	15	17	22	33	16	2010-09-14	2010107
02	04	08	20	23	24	07	2010-09-16	2010108
04	15	18	25	29	32	15	2010-09-19	2010109
01	03	12	24	26	27	01	2010-09-21	2010110
04	07	08	13	17	18	10	2010-09-23	2010111
01	08	18	24	29	30	16	2010-09-26	2010112
05	10	15	18	20	28	10	2010-09-28	2010113
01	08	11	15	17	25	01	2010-09-30	2010114
01	22	24	25	29	33	15	2010-10-03	2010115
05	09	10	20	22	26	07	2010-10-05	2010116
01	08	20	22	24	28	01	2010-10-07	2010117
05	08	11	13	15	25	05	2010-10-10	2010118
07	17	25	27	30	31	09	2010-10-12	2010119
01	02	05	06	10	29	16	2010-10-14	2010120
08	11	13	18	25	30	15	2010-10-17	2010121
02	09	12	16	25	27	06	2010-10-19	2010122
06	12	15	18	29	32	10	2010-10-21	2010123
02	06	08	11	12	25	02	2010-10-24	2010124
06	07	13	23	28	29	09	2010-10-26	2010125
03	13	18	20	27	28	05	2010-10-28	2010126
01	04	08	17	25	33	01	2010-10-31	2010127
04	11	19	20	24	28	12	2010-11-02	2010128
04	08	14	25	28	32	16	2010-11-04	2010129
01	02	07	15	21	31	16	2010-11-07	2010130
05	06	15	16	19	26	06	2010-11-09	2010131
02	10	12	18	24	33	15	2010-11-11	2010132
03	09	17	21	26	32	01	2010-11-14	2010133
09	15	16	22	27	28	06	2010-11-16	2010134
04	10	13	25	26	30	10	2010-11-18	2010135
04	10	23	24	26	33	10	2010-11-21	2010136
07	09	10	13	19	33	06	2010-11-23	2010137
01	21	23	24	26	30	05	2010-11-25	2010138
11	13	18	20	26	31	09	2010-11-28	2010139
01	12	13	18	26	29	15	2010-11-30	2010140
02	03	07	18	23	27	06	2010-12-02	2010141
02	16	18	23	26	27	10	2010-12-05	2010142
09	16	18	26	30	31	14	2010-12-07	2010143
02	03	08	15	19	21	11	2010-12-09	2010144
03	21	24	27	28	31	08	2010-12-12	2010145
01	17	18	22	25	32	01	2010-12-14	2010146
02	08	15	18	24	30	03	2010-12-16	2010147
01	03	07	18	23	27	12	2010-12-19	2010148
02	07	08	16	25	30	09	2010-12-21	2010149
02	17	18	23	29	30	06	2010-12-23	2010150
02	13	14	17	19	26	14	2010-12-26	2010151
04	09	17	21	25	31	01	2010-12-28	2010152
03	06	12	19	30	31	13	2010-12-30	2010153
03	09	20	24	26	32	10	2011-01-02	2011001
06	08	12	17	28	33	05	2011-01-04	2011002
13	14	21	22	23	27	04	2011-01-06	2011003
04	06	08	10	13	26	05	2011-01-09	2011004
06	09	12	14	20	22	13	2011-01-11	2011005
01	03	05	13	16	18	05	2011-01-13	2011006
01	09	17	24	26	31	05	2011-01-16	2011007
10	12	13	17	24	31	15	2011-01-18	2011008
17	18	23	24	25	26	04	2011-01-20	2011009
01	04	05	09	15	19	13	2011-01-23	2011010
01	12	18	19	21	24	10	2011-01-25	2011011
07	08	11	13	15	26	13	2011-01-27	2011012
01	03	13	16	21	22	08	2011-01-30	2011013
05	07	10	11	23	26	16	2011-02-01	2011014
03	06	13	26	27	29	07	2011-02-10	2011015
03	04	16	17	22	29	13	2011-02-13	2011016
02	06	15	23	26	33	08	2011-02-15	2011017
13	15	18	28	30	33	01	2011-02-17	2011018
02	04	12	19	32	33	16	2011-02-20	2011019
12	16	17	19	24	30	05	2011-02-22	2011020
01	02	14	18	25	31	08	2011-02-24	2011021
02	07	14	16	17	21	05	2011-02-27	2011022
02	03	06	21	22	25	05	2011-03-01	2011023
05	07	10	19	26	31	14	2011-03-03	2011024
08	25	26	31	32	33	09	2011-03-06	2011025
07	08	17	19	21	26	12	2011-03-08	2011026
13	18	21	22	25	26	01	2011-03-10	2011027
01	04	05	14	16	17	01	2011-03-13	2011028
01	04	09	10	20	31	07	2011-03-15	2011029
02	09	19	24	25	33	10	2011-03-17	2011030
16	17	24	28	29	32	12	2011-03-20	2011031
03	05	07	13	14	15	15	2011-03-22	2011032
02	08	12	13	19	29	04	2011-03-24	2011033
13	14	17	19	24	31	08	2011-03-27	2011034
13	14	18	20	27	31	02	2011-03-29	2011035
02	11	20	22	24	31	05	2011-03-31	2011036
01	03	04	06	17	25	11	2011-04-03	2011037
02	14	15	19	23	24	12	2011-04-05	2011038
03	07	10	16	24	29	13	2011-04-07	2011039
05	11	14	24	26	28	13	2011-04-10	2011040
04	10	12	13	30	32	13	2011-04-12	2011041
05	13	15	17	19	21	15	2011-04-14	2011042
04	13	14	17	25	31	04	2011-04-17	2011043
03	14	16	26	27	31	09	2011-04-19	2011044
02	16	17	20	26	32	08	2011-04-21	2011045
09	17	18	26	29	30	08	2011-04-24	2011046
04	13	23	25	27	33	14	2011-04-26	2011047
10	14	18	25	26	27	15	2011-04-28	2011048
01	11	17	18	27	31	14	2011-05-01	2011049
04	05	19	22	28	29	15	2011-05-03	2011050
01	07	11	14	15	16	14	2011-05-05	2011051
04	05	08	19	27	28	08	2011-05-08	2011052
03	06	10	12	22	30	15	2011-05-10	2011053
08	11	16	17	22	33	08	2011-05-12	2011054
08	13	16	17	29	32	16	2011-05-15	2011055
13	16	19	20	23	25	10	2011-05-17	2011056
04	06	20	21	26	33	02	2011-05-19	2011057
07	18	22	30	32	33	06	2011-05-22	2011058
24	26	27	29	31	33	16	2011-05-24	2011059
10	11	13	21	27	31	01	2011-05-26	2011060
02	03	08	13	19	21	03	2011-05-29	2011061
04	08	09	10	29	30	03	2011-05-31	2011062
04	06	13	15	18	19	05	2011-06-02	2011063
03	06	07	29	30	33	02	2011-06-05	2011064
04	16	23	25	27	29	03	2011-06-07	2011065
04	06	14	17	30	32	12	2011-06-09	2011066
17	19	20	24	25	27	12	2011-06-12	2011067
03	07	10	15	19	24	10	2011-06-14	2011068
02	13	16	18	24	30	12	2011-06-16	2011069
01	03	05	12	21	28	12	2011-06-19	2011070
01	02	15	22	28	30	02	2011-06-21	2011071
01	06	10	11	18	27	12	2011-06-23	2011072
03	04	05	12	17	21	14	2011-06-26	2011073
02	21	26	28	29	32	01	2011-06-28	2011074
07	09	10	12	31	32	13	2011-06-30	2011075
06	19	21	26	32	33	13	2011-07-03	2011076
01	07	08	15	26	29	10	2011-07-05	2011077
03	05	13	20	22	29	09	2011-07-07	2011078
03	14	15	16	24	29	05	2011-07-10	2011079
02	07	09	25	31	32	09	2011-07-12	2011080
06	14	19	23	25	32	12	2011-07-14	2011081
07	16	17	20	25	26	04	2011-07-17	2011082
07	16	18	24	28	29	06	2011-07-19	2011083
09	10	12	16	18	32	15	2011-07-21	2011084
03	06	11	21	24	31	10	2011-07-24	2011085
06	07	09	12	17	24	09	2011-07-26	2011086
02	03	04	05	18	28	01	2011-07-28	2011087
03	09	17	20	21	29	04	2011-07-31	2011088
01	02	11	24	29	30	12	2011-08-02	2011089
02	05	14	18	21	25	16	2011-08-04	2011090
09	15	21	23	28	30	03	2011-08-07	2011091
05	10	17	26	31	32	04	2011-08-09	2011092
04	07	11	13	23	30	09	2011-08-11	2011093
09	11	12	17	18	19	05	2011-08-14	2011094
03	07	08	10	23	24	05	2011-08-16	2011095
01	04	07	13	14	19	15	2011-08-18	2011096
09	17	19	20	21	26	16	2011-08-21	2011097
03	07	20	21	22	32	05	2011-08-23	2011098
10	12	13	21	26	27	14	2011-08-25	2011099
07	11	21	23	31	32	05	2011-08-28	2011100
06	10	19	23	29	31	06	2011-08-30	2011101
01	05	13	21	27	31	11	2011-09-01	2011102
04	05	10	13	15	16	12	2011-09-04	2011103
09	10	16	20	25	29	09	2011-09-06	2011104
04	06	23	25	27	28	01	2011-09-08	2011105
02	11	12	14	24	32	14	2011-09-11	2011106
04	09	16	17	22	29	15	2011-09-13	2011107
02	17	22	26	29	33	10	2011-09-15	2011108
01	03	09	15	16	33	15	2011-09-18	2011109
12	14	21	26	28	33	12	2011-09-20	2011110
01	03	05	20	25	27	04	2011-09-22	2011111
03	05	16	18	23	24	15	2011-09-25	2011112
06	10	11	25	32	33	05	2011-09-27	2011113
01	14	15	16	30	32	09	2011-09-29	2011114
07	08	09	12	17	33	16	2011-10-02	2011115
01	07	11	12	17	27	05	2011-10-04	2011116
08	10	19	26	28	30	04	2011-10-06	2011117
05	06	11	14	20	21	10	2011-10-09	2011118
09	12	14	19	28	32	01	2011-10-11	2011119
04	14	17	28	30	33	07	2011-10-13	2011120
04	14	22	25	32	33	02	2011-10-16	2011121
10	12	18	26	27	31	03	2011-10-18	2011122
01	04	05	14	19	28	16	2011-10-20	2011123
09	18	19	26	31	32	16	2011-10-23	2011124
03	10	15	24	27	32	08	2011-10-25	2011125
03	07	13	18	23	26	16	2011-10-27	2011126
16	19	22	23	27	29	11	2011-10-30	2011127
09	11	14	17	19	23	12	2011-11-01	2011128
07	10	11	21	23	26	06	2011-11-03	2011129
07	14	18	23	25	32	15	2011-11-06	2011130
02	07	09	17	21	25	01	2011-11-08	2011131
02	05	12	13	25	33	07	2011-11-10	2011132
12	14	20	21	25	31	16	2011-11-13	2011133
01	02	06	07	30	31	10	2011-11-15	2011134
12	13	17	20	25	26	12	2011-11-17	2011135
02	04	06	20	22	31	07	2011-11-20	2011136
02	11	18	23	30	33	13	2011-11-22	2011137
01	05	15	24	28	32	07	2011-11-24	2011138
08	20	24	27	30	31	03	2011-11-27	2011139
04	18	20	22	27	29	06	2011-11-29	2011140
02	04	06	19	24	29	11	2011-12-01	2011141
12	15	16	26	29	31	02	2011-12-04	2011142
07	08	12	14	15	30	16	2011-12-06	2011143
01	02	09	10	16	24	03	2011-12-08	2011144
02	04	14	15	26	30	04	2011-12-11	2011145
11	23	26	28	32	33	10	2011-12-13	2011146
04	08	12	17	18	30	10	2011-12-15	2011147
05	14	22	23	25	26	14	2011-12-18	2011148
04	05	06	07	23	31	16	2011-12-20	2011149
08	10	12	15	22	27	13	2011-12-22	2011150
07	11	16	19	31	33	10	2011-12-25	2011151
04	10	11	12	21	26	13	2011-12-27	2011152
05	08	09	10	20	25	13	2011-12-29	2011153
01	04	05	09	15	17	06	2012-01-01	2012001
02	03	07	09	10	32	13	2012-01-03	2012002
03	06	08	24	29	31	09	2012-01-05	2012003
01	05	10	11	21	23	16	2012-01-08	2012004
07	09	18	27	31	33	06	2012-01-10	2012005
02	22	25	29	32	33	08	2012-01-12	2012006
10	17	19	27	28	32	04	2012-01-15	2012007
01	12	20	23	24	29	08	2012-01-17	2012008
04	16	24	26	27	33	11	2012-01-19	2012009
01	03	13	19	25	26	10	2012-01-29	2012010
04	14	15	16	20	26	05	2012-01-31	2012011
15	17	18	20	23	27	01	2012-02-02	2012012
06	08	24	29	30	32	13	2012-02-05	2012013
01	02	05	16	28	30	12	2012-02-07	2012014
01	03	06	10	21	23	15	2012-02-09	2012015
02	05	12	17	22	25	08	2012-02-12	2012016
06	09	14	19	25	28	10	2012-02-14	2012017
03	05	06	22	26	32	15	2012-02-16	2012018
07	14	18	20	22	30	16	2012-02-19	2012019
03	08	12	18	23	29	11	2012-02-21	2012020
01	15	16	18	22	30	03	2012-02-23	2012021
04	08	12	24	26	27	04	2012-02-26	2012022
05	09	15	23	24	33	02	2012-02-28	2012023
04	12	19	21	25	28	13	2012-03-01	2012024
03	08	09	17	25	27	06	2012-03-04	2012025
03	07	09	15	24	25	16	2012-03-06	2012026
04	16	22	25	30	31	12	2012-03-08	2012027
10	15	20	21	28	30	11	2012-03-11	2012028
04	07	15	25	26	28	03	2012-03-13	2012029
09	10	17	18	21	31	08	2012-03-15	2012030
04	16	22	24	27	31	03	2012-03-18	2012031
01	02	10	17	22	24	04	2012-03-20	2012032
02	03	15	16	17	27	04	2012-03-22	2012033
02	03	08	23	32	33	16	2012-03-25	2012034
09	11	12	21	24	26	05	2012-03-27	2012035
02	11	13	18	19	26	09	2012-03-29	2012036
05	14	19	24	28	33	09	2012-04-01	2012037
09	10	11	15	19	33	16	2012-04-03	2012038
01	02	05	13	22	29	08	2012-04-05	2012039
03	08	09	22	25	31	10	2012-04-08	2012040
08	11	15	20	24	32	02	2012-04-10	2012041
05	06	11	19	24	28	16	2012-04-12	2012042
02	09	11	21	26	33	03	2012-04-15	2012043
06	09	10	14	22	25	03	2012-04-17	2012044
08	11	20	21	27	30	09	2012-04-19	2012045
04	12	19	20	23	33	06	2012-04-22	2012046
06	07	11	16	32	33	11	2012-04-24	2012047
01	05	14	22	24	30	10	2012-04-26	2012048
04	12	13	19	20	32	02	2012-04-29	2012049
07	13	15	17	19	24	11	2012-05-01	2012050
02	12	14	17	30	31	09	2012-05-03	2012051
02	03	05	06	20	24	04	2012-05-06	2012052
04	15	22	25	27	33	04	2012-05-08	2012053
06	14	18	20	30	33	14	2012-05-10	2012054
04	06	13	20	24	28	01	2012-05-13	2012055
04	07	14	17	26	31	10	2012-05-15	2012056
03	05	19	21	27	31	04	2012-05-17	2012057
03	06	15	20	25	26	04	2012-05-20	2012058
04	13	21	22	26	31	01	2012-05-22	2012059
07	10	13	16	17	29	01	2012-05-24	2012060
03	08	11	12	14	18	14	2012-05-27	2012061
02	13	16	17	20	31	07	2012-05-29	2012062
02	10	17	19	24	27	12	2012-05-31	2012063
05	10	11	16	23	24	11	2012-06-03	2012064
08	10	18	19	27	31	14	2012-06-05	2012065
01	02	09	26	29	33	12	2012-06-07	2012066
04	05	10	21	26	30	16	2012-06-10	2012067
05	17	22	26	32	33	10	2012-06-12	2012068
08	10	11	18	20	29	06	2012-06-14	2012069
02	03	04	24	31	32	11	2012-06-17	2012070
03	04	19	21	22	23	08	2012-06-19	2012071
02	03	07	09	13	30	06	2012-06-21	2012072
04	07	09	10	17	27	05	2012-06-24	2012073
15	16	18	19	28	32	08	2012-06-26	2012074
04	06	22	23	29	32	11	2012-06-28	2012075
11	18	22	27	29	30	15	2012-07-01	2012076
02	04	13	18	26	28	12	2012-07-03	2012077
08	15	22	24	28	33	12	2012-07-05	2012078
06	07	12	24	30	33	12	2012-07-08	2012079
04	09	14	15	16	27	03	2012-07-10	2012080
02	05	10	24	25	29	06	2012-07-12	2012081
02	04	11	18	22	29	06	2012-07-15	2012082
04	09	14	15	26	33	04	2012-07-17	2012083
02	10	20	26	28	29	14	2012-07-19	2012084
05	17	24	30	31	33	05	2012-07-22	2012085
08	09	13	15	22	23	08	2012-07-24	2012086
03	10	11	13	14	22	09	2012-07-26	2012087
03	05	23	24	27	31	15	2012-07-29	2012088
03	07	10	13	14	25	11	2012-07-31	2012089
02	13	20	25	29	30	11	2012-08-02	2012090
01	05	07	08	19	21	16	2012-08-05	2012091
06	13	17	18	28	32	03	2012-08-07	2012092
03	05	19	21	24	33	13	2012-08-09	2012093
06	09	14	16	23	33	15	2012-08-12	2012094
17	24	27	28	29	30	02	2012-08-14	2012095
04	07	11	16	29	33	07	2012-08-16	2012096
05	08	13	14	19	22	06	2012-08-19	2012097
02	12	19	26	29	31	09	2012-08-21	2012098
08	12	15	16	21	27	16	2012-08-23	2012099
05	07	15	18	25	33	10	2012-08-26	2012100
09	12	17	18	20	33	02	2012-08-28	2012101
13	25	27	28	29	30	15	2012-08-30	2012102
04	09	11	14	32	33	02	2012-09-02	2012103
04	05	09	10	19	28	03	2012-09-04	2012104
06	13	14	15	17	30	04	2012-09-06	2012105
13	14	20	22	23	32	16	2012-09-09	2012106
11	12	15	24	25	31	09	2012-09-11	2012107
01	09	12	13	19	28	13	2012-09-13	2012108
02	12	24	26	29	31	03	2012-09-16	2012109
03	07	10	13	22	32	09	2012-09-18	2012110
02	09	10	20	22	31	13	2012-09-20	2012111
08	15	20	21	27	31	06	2012-09-23	2012112
03	06	09	13	18	32	06	2012-09-25	2012113
01	06	11	26	27	29	15	2012-09-27	2012114
03	08	20	24	26	32	14	2012-09-30	2012115
03	21	26	29	31	32	03	2012-10-02	2012116
13	15	18	20	24	28	09	2012-10-04	2012117
05	06	07	12	15	28	11	2012-10-07	2012118
12	20	25	26	27	28	13	2012-10-09	2012119
01	04	20	24	28	29	16	2012-10-11	2012120
01	07	08	20	23	24	11	2012-10-14	2012121
12	13	19	22	28	29	11	2012-10-16	2012122
08	10	16	25	28	33	09	2012-10-18	2012123
06	07	21	25	27	33	11	2012-10-21	2012124
08	12	13	26	29	33	01	2012-10-23	2012125
03	05	12	15	23	24	07	2012-10-25	2012126
01	09	11	21	26	32	08	2012-10-28	2012127
05	09	12	29	30	31	05	2012-10-30	2012128
01	07	09	17	21	29	01	2012-11-01	2012129
01	03	15	20	22	31	03	2012-11-04	2012130
06	18	19	26	28	32	12	2012-11-06	2012131
07	12	16	17	21	25	10	2012-11-08	2012132
01	08	11	20	21	29	02	2012-11-11	2012133
02	05	06	07	13	23	15	2012-11-13	2012134
02	05	07	08	11	17	16	2012-11-15	2012135
02	07	08	17	21	28	11	2012-11-18	2012136
01	02	04	06	13	17	07	2012-11-20	2012137
01	07	16	17	19	21	14	2012-11-22	2012138
08	19	21	24	28	31	15	2012-11-25	2012139
14	18	27	30	31	33	15	2012-11-27	2012140
03	05	08	19	20	27	09	2012-11-29	2012141
05	18	22	28	29	31	06	2012-12-02	2012142
07	08	18	25	30	32	06	2012-12-04	2012143
03	10	12	13	27	30	04	2012-12-06	2012144
05	20	26	27	28	33	03	2012-12-09	2012145
01	05	07	13	29	32	13	2012-12-11	2012146
02	12	15	23	24	32	09	2012-12-13	2012147
03	06	11	17	21	31	07	2012-12-16	2012148
01	05	13	25	26	32	13	2012-12-18	2012149
09	11	17	23	24	26	07	2012-12-20	2012150
05	14	24	25	26	32	01	2012-12-23	2012151
10	12	18	22	28	29	07	2012-12-25	2012152
04	05	11	21	27	28	10	2012-12-27	2012153
05	07	12	16	28	32	04	2012-12-30	2012154
06	08	14	15	24	25	06	2013-01-01	2013001
01	16	18	22	28	30	12	2013-01-03	2013002
22	23	26	27	28	33	09	2013-01-06	2013003
06	10	16	20	27	32	08	2013-01-08	2013004
01	13	14	25	31	32	12	2013-01-10	2013005
09	10	13	17	22	30	13	2013-01-13	2013006
02	09	15	22	26	32	01	2013-01-15	2013007
03	08	17	21	25	32	15	2013-01-17	2013008
01	04	09	13	16	23	02	2013-01-20	2013009
01	09	11	17	32	33	12	2013-01-22	2013010
03	12	17	24	27	29	09	2013-01-24	2013011
06	14	17	22	28	29	02	2013-01-27	2013012
05	06	13	19	22	28	09	2013-01-29	2013013
02	04	05	17	19	20	08	2013-01-31	2013014
05	06	07	11	13	18	15	2013-02-03	2013015
02	05	06	12	14	28	05	2013-02-05	2013016
04	06	12	30	31	32	09	2013-02-07	2013017
02	08	13	28	29	30	05	2013-02-17	2013018
01	02	05	16	20	26	06	2013-02-19	2013019
01	07	08	12	16	21	01	2013-02-21	2013020
01	06	17	19	26	31	11	2013-02-24	2013021
02	04	07	09	15	20	07	2013-02-26	2013022
03	06	15	18	30	32	05	2013-02-28	2013023
04	05	13	23	27	30	09	2013-03-03	2013024
16	17	18	24	25	30	08	2013-03-05	2013025
04	11	14	15	22	31	11	2013-03-07	2013026
01	02	04	12	21	24	12	2013-03-10	2013027
07	08	14	25	26	28	13	2013-03-12	2013028
06	07	10	19	23	29	12	2013-03-14	2013029
07	14	18	25	26	29	06	2013-03-17	2013030
03	13	14	15	21	33	03	2013-03-19	2013031
04	21	25	29	30	33	03	2013-03-21	2013032
05	06	13	17	19	28	01	2013-03-24	2013033
06	15	20	22	26	33	09	2013-03-26	2013034
01	14	15	17	26	30	02	2013-03-28	2013035
04	05	09	27	29	31	13	2013-03-31	2013036
02	15	18	27	28	32	14	2013-04-02	2013037
09	10	12	14	15	19	11	2013-04-04	2013038
01	02	14	15	24	29	06	2013-04-07	2013039
02	04	10	12	17	30	10	2013-04-09	2013040
02	10	12	17	23	24	05	2013-04-11	2013041
01	08	12	13	15	33	03	2013-04-14	2013042
03	06	14	15	17	25	16	2013-04-16	2013043
03	05	11	18	26	28	06	2013-04-18	2013044
06	07	08	14	23	31	12	2013-04-21	2013045
03	16	19	20	24	26	06	2013-04-23	2013046
01	08	11	17	27	30	12	2013-04-25	2013047
10	13	17	28	30	32	04	2013-04-28	2013048
10	13	14	16	21	32	14	2013-04-30	2013049
03	07	13	18	22	25	03	2013-05-02	2013050
08	12	15	19	28	29	02	2013-05-05	2013051
06	07	14	21	22	24	13	2013-05-07	2013052
03	12	13	22	30	33	14	2013-05-09	2013053
03	04	08	14	21	28	14	2013-05-12	2013054
08	18	19	22	27	32	06	2013-05-14	2013055
03	12	25	26	28	29	16	2013-05-16	2013056
13	16	19	23	26	28	05	2013-05-19	2013057
08	11	17	21	23	24	05	2013-05-21	2013058
03	10	18	24	27	29	09	2013-05-23	2013059
05	07	10	13	19	20	15	2013-05-26	2013060
05	06	07	12	13	18	12	2013-05-28	2013061
01	06	07	19	22	27	02	2013-05-30	2013062
10	15	18	20	23	31	12	2013-06-02	2013063
01	09	13	22	25	32	12	2013-06-04	2013064
07	18	19	23	29	30	02	2013-06-06	2013065
01	03	16	17	20	32	07	2013-06-09	2013066
01	04	09	15	22	30	06	2013-06-11	2013067
02	07	13	20	25	27	06	2013-06-13	2013068
07	16	17	18	30	33	06	2013-06-16	2013069
02	03	09	10	28	30	06	2013-06-18	2013070
05	12	21	23	26	28	09	2013-06-20	2013071
02	08	11	14	19	33	09	2013-06-23	2013072
02	09	13	17	20	28	11	2013-06-25	2013073
03	06	08	14	19	32	03	2013-06-27	2013074
04	06	09	25	30	33	14	2013-06-30	2013075
14	23	24	26	29	30	03	2013-07-02	2013076
09	14	23	24	26	29	03	2013-07-04	2013077
03	05	17	18	26	27	15	2013-07-07	2013078
07	13	17	19	22	26	13	2013-07-09	2013079
10	11	12	23	28	32	16	2013-07-11	2013080
01	04	10	13	21	31	13	2013-07-14	2013081
04	13	14	20	22	30	06	2013-07-16	2013082
05	06	12	14	19	23	09	2013-07-18	2013083
05	07	09	11	20	21	03	2013-07-21	2013084
02	08	12	14	16	32	16	2013-07-23	2013085
02	04	11	13	16	26	11	2013-07-25	2013086
02	13	19	23	24	28	05	2013-07-28	2013087
09	15	20	21	22	24	14	2013-07-30	2013088
04	08	12	19	21	25	13	2013-08-01	2013089
02	05	11	23	24	29	08	2013-08-04	2013090
04	14	24	25	28	31	10	2013-08-06	2013091
07	11	15	21	26	31	06	2013-08-08	2013092
01	02	08	26	29	31	14	2013-08-11	2013093
02	04	14	18	20	22	07	2013-08-13	2013094
01	06	15	19	28	29	10	2013-08-15	2013095
01	02	22	28	29	30	15	2013-08-18	2013096
05	14	17	22	23	25	07	2013-08-20	2013097
07	15	18	19	20	26	14	2013-08-22	2013098
05	11	20	21	26	31	03	2013-08-25	2013099
04	08	11	14	16	20	11	2013-08-27	2013100
05	07	09	23	27	32	01	2013-08-29	2013101
02	04	05	06	08	16	03	2013-09-01	2013102
02	04	09	13	18	20	07	2013-09-03	2013103
01	02	04	15	17	28	11	2013-09-05	2013104
01	11	23	27	31	32	09	2013-9-8	2013105
09	11	23	30	31	32	06	2013-9-10	2013106
07	09	11	17	28	31	11	2013-9-12	2013107
16	21	22	28	31	32	05	2013-9-15	2013108
09	23	24	27	29	32	08	2013-9-17	2013109
15	17	18	21	29	32	13	2013-9-19	2013110
01	02	03	06	08	33	13	2013-9-22	2013111
01	06	12	13	22	31	07	2013-9-24	2013112
04	07	11	17	24	33	09	2013-9-26	2013113
04	06	17	21	23	33	07	2013-9-29	2013114
03	12	16	17	18	27	08	2013-10-1	2013115
12	15	21	26	32	33	07	2013-10-3	2013116
09	12	13	24	27	33	16		2013117
02	03	17	22	32	33	16		2013118
05	15	20	22	26	32	09		2013119
05	06	13	18	23	31	11		2013120
04	05	06	07	25	27	07		2013121
07	10	13	15	26	27	11		2013122
01	02	06	11	17	25	02		2013123
03	09	15	23	25	30	07		2013124
04	06	08	18	25	28	16		2013125
04	10	19	27	31	33	16		2013126
02	03	13	20	22	33	14		2013127
07	13	17	19	25	31	08		2013128
05	06	10	14	27	31	14		2013129
01	03	15	16	31	33	08		2013130
04	06	12	17	19	26	09		2013131
20	21	22	23	25	27	12		2013132
04	07	12	19	22	25	01		2013133
01	17	18	19	25	29	10		2013134
09	23	24	25	29	31	12		2013135
04	06	14	16	18	26	06		2013136
04	17	19	23	24	27	10		2013137
04	15	16	24	27	28	03		2013138
07	08	11	13	21	27	08		2013139
01	05	12	13	21	22	10		2013140
03	04	05	25	30	31	04		2013141
11	12	14	20	22	29	14		2013142
12	18	21	22	27	32	11		2013143
05	07	12	19	27	31	02		2013144
06	10	13	16	23	24	15		2013145
08	20	25	30	32	33	01		2013146
02	15	16	17	19	30	08		2013147
06	11	12	14	17	22	01		2013148
09	18	25	26	30	32	11		2013149
01	15	16	25	26	29	10		2013150
03	09	10	19	28	33	09		2013151
04	06	14	16	18	29	05		2013152
08	11	13	18	28	33	10		2013153
07	11	14	19	24	29	05		2013154
03	09	15	20	27	29	01		2014001
04	21	23	31	32	33	04		2014002
06	10	11	28	30	33	12		2014003
01	04	19	22	24	25	15		2014004
15	18	23	27	32	33	04		2014005
03	04	07	17	21	27	14		2014006
08	10	12	14	18	28	14		2014007
